BinarySearch.java
20
21
22
23
24
25
26
27
28
29
30
31
32
33
34
35
36
37
38
99999
0
0
1
1
1
1
0
0
999
BinaryTree.java
16
100000000
8
16
4
8
12
14
16
20
24
28
1
1
1
0
1
4
8
14
16
20
24
28
0
0
BubbleSort.java
20
7
12
18
2
11
6
9
19
5
99999
2
5
6
7
9
11
12
18
19
20
0
Factorial.java
3628800
LinearSearch.java
10
11
12
13
14
15
16
17
18
9999
0
1
1
0
55
LinkedList.java
25
10000000
39
25
10000000
22
39
25
1
0
10000000
28
22
39
25
2220000
-555
-555
28
22
25
33300000
22
25
44440000
0
QuickSort.java
20
7
12
18
2
11
6
9
19
5
9999
2
5
6
7
9
11
12
18
19
20
0
Test.java
0
1
2
3
4
5
6
7
8
9
99999
10
TreeVisitor.java
16
100000000
4
8
12
14
16
20
24
28
100000000
50000000
333
333
333
28
24
333
20
16
333
333
333
14
12
8
333
4
100000000
1
1
1
0
1
4
8
14
16
20
24
28
0
0
